#partition in RA-DEC-plane Njack=(  10,  10)
#RAbuf=       0.0000
#RAcut= -1000 1000
#No.  RAlow  DEClow  RAup DECup  Nrandom
  0      111.92327       -0.77877      134.40612        6.25301       5764
  1      111.92327        6.25301      134.40612       10.64572       5764
  2      111.92327       10.64572      134.40612       14.63957       5764
  3      111.92327       14.63957      134.40612       18.10112       5764
  4      111.92327       18.10112      134.40612       21.57692       5764
  5      111.92327       21.57692      134.40612       24.92340       5764
  6      111.92327       24.92340      134.40612       28.39978       5764
  7      111.92327       28.39978      134.40612       33.09419       5764
  8      111.92327       33.09419      134.40612       47.23278       5764
  9      111.92327       47.23278      134.40612       64.78378       5764
 10      134.40612        1.19450      147.56759        7.91148       5764
 11      134.40612        7.91148      147.56759       12.76223       5764
 12      134.40612       12.76223      147.56759       17.72238       5764
 13      134.40612       17.72238      147.56759       22.69344       5764
 14      134.40612       22.69344      147.56759       28.36041       5764
 15      134.40612       28.36041      147.56759       33.87626       5764
 16      134.40612       33.87626      147.56759       40.30075       5764
 17      134.40612       40.30075      147.56759       47.87985       5764
 18      134.40612       47.87985      147.56759       55.61171       5764
 19      134.40612       55.61171      147.56759       65.51016       5764
 20      147.56759        1.16823      160.28685        7.07245       5764
 21      147.56759        7.07245      160.28685       12.13399       5764
 22      147.56759       12.13399      160.28685       17.28008       5764
 23      147.56759       17.28008      160.28685       22.53863       5764
 24      147.56759       22.53863      160.28685       28.09303       5764
 25      147.56759       28.09303      160.28685       33.76303       5764
 26      147.56759       33.76303      160.28685       39.97248       5764
 27      147.56759       39.97248      160.28685       46.75140       5764
 28      147.56759       46.75140      160.28685       54.64727       5764
 29      147.56759       54.64727      160.28685       66.76279       5764
 30      160.28685        1.09113      172.89517        7.36214       5764
 31      160.28685        7.36214      172.89517       12.57847       5764
 32      160.28685       12.57847      172.89517       17.80635       5764
 33      160.28685       17.80635      172.89517       23.21397       5764
 34      160.28685       23.21397      172.89517       28.76404       5764
 35      160.28685       28.76404      172.89517       34.63366       5764
 36      160.28685       34.63366      172.89517       40.88690       5764
 37      160.28685       40.88690      172.89517       47.82264       5764
 38      160.28685       47.82264      172.89517       55.88320       5764
 39      160.28685       55.88320      172.89517       67.98427       5764
 40      172.89517        1.10003      185.26156        6.85705       5764
 41      172.89517        6.85705      185.26156       12.03144       5764
 42      172.89517       12.03144      185.26156       17.58726       5764
 43      172.89517       17.58726      185.26156       23.23974       5764
 44      172.89517       23.23974      185.26156       29.01553       5764
 45      172.89517       29.01553      185.26156       35.03827       5764
 46      172.89517       35.03827      185.26156       41.55969       5764
 47      172.89517       41.55969      185.26156       48.67752       5764
 48      172.89517       48.67752      185.26156       57.38555       5764
 49      172.89517       57.38555      185.26156       68.74117       5764
 50      185.26156       -3.60953      198.52962        5.20696       5764
 51      185.26156        5.20696      198.52962       10.10434       5764
 52      185.26156       10.10434      198.52962       14.98479       5764
 53      185.26156       14.98479      198.52962       19.86694       5764
 54      185.26156       19.86694      198.52962       25.00611       5764
 55      185.26156       25.00611      198.52962       30.35380       5764
 56      185.26156       30.35380      198.52962       43.04858       5764
 57      185.26156       43.04858      198.52962       50.08930       5764
 58      185.26156       50.08930      198.52962       57.91034       5764
 59      185.26156       57.91034      198.52962       68.74404       5764
 60      198.52962       -3.60680      211.01085        1.54949       5764
 61      198.52962        1.54949      211.01085        6.69791       5764
 62      198.52962        6.69791      211.01085       11.91043       5764
 63      198.52962       11.91043      211.01085       17.08743       5764
 64      198.52962       17.08743      211.01085       22.50312       5764
 65      198.52962       22.50312      211.01085       28.25854       5764
 66      198.52962       28.25854      211.01085       41.29772       5764
 67      198.52962       41.29772      211.01085       48.38496       5764
 68      198.52962       48.38496      211.01085       56.55243       5764
 69      198.52962       56.55243      211.01085       67.64238       5764
 70      211.01085       -3.36595      224.08312        1.61964       5764
 71      211.01085        1.61964      224.08312        6.72202       5764
 72      211.01085        6.72202      224.08312       11.65133       5764
 73      211.01085       11.65133      224.08312       16.55985       5764
 74      211.01085       16.55985      224.08312       21.78559       5764
 75      211.01085       21.78559      224.08312       27.10448       5764
 76      211.01085       27.10448      224.08312       39.89620       5764
 77      211.01085       39.89620      224.08312       47.39934       5764
 78      211.01085       47.39934      224.08312       55.10423       5764
 79      211.01085       55.10423      224.08312       66.48463       5764
 80      224.08312       -2.89256      240.72517        2.84492       5764
 81      224.08312        2.84492      240.72517        7.11207       5764
 82      224.08312        7.11207      240.72517       10.98730       5764
 83      224.08312       10.98730      240.72517       15.08694       5764
 84      224.08312       15.08694      240.72517       31.84542       5764
 85      224.08312       31.84542      240.72517       36.86541       5764
 86      224.08312       36.86541      240.72517       42.52901       5764
 87      224.08312       42.52901      240.72517       48.04219       5764
 88      224.08312       48.04219      240.72517       54.00950       5764
 89      224.08312       54.00950      240.72517       63.28216       5764
 90      240.72517        2.89485      263.81226       14.04931       5764
 91      240.72517       14.04931      263.81226       19.48300       5764
 92      240.72517       19.48300      263.81226       24.35179       5764
 93      240.72517       24.35179      263.81226       27.71415       5764
 94      240.72517       27.71415      263.81226       31.22697       5764
 95      240.72517       31.22697      263.81226       34.58776       5764
 96      240.72517       34.58776      263.81226       38.45445       5764
 97      240.72517       38.45445      263.81226       42.83356       5764
 98      240.72517       42.83356      263.81226       48.57371       5764
 99      240.72517       48.57371      263.81226       61.92027       5764
