#xi2d with jacknife, root:tmp/PairCount/tmp-rmu NJN=0
#r:     1.00000    3.00000    5.00000    7.00000    9.00000   11.00000   13.00000   15.00000   17.00000   19.00000   21.00000   23.00000   25.00000   27.00000   29.00000   31.00000   33.00000   35.00000   37.00000   39.00000
#mu:     0.00834    0.02500    0.04167    0.05833    0.07500    0.09166    0.10834    0.12500    0.14166    0.15834    0.17500    0.19167    0.20833    0.22500    0.24167    0.25833    0.27500    0.29167    0.30834    0.32500    0.34166    0.35833    0.37500    0.39167    0.40834    0.42500    0.44166    0.45833    0.47500    0.49167    0.50833    0.52500    0.54167    0.55834    0.57500    0.59166    0.60834    0.62500    0.64166    0.65834    0.67500    0.69166    0.70833    0.72500    0.74167    0.75833    0.77500    0.79167    0.80834    0.82500    0.84166    0.85834    0.87500    0.89166    0.90834    0.92500    0.94166    0.95833    0.97500    0.99167
#xi2d
    8.3170731707e+00
    1.1496124031e+01
    1.2557522124e+01
    1.2216000000e+01
    1.0412587413e+01
    1.2286956522e+01
    1.3352941176e+01
    9.6666666667e+00
    1.1379310345e+01
    1.3315789474e+01
    9.7445255474e+00
    1.2811320755e+01
    1.1031746032e+01
    9.7500000000e+00
    1.0630769231e+01
    1.5404040404e+01
    9.8148148148e+00
    9.1866666667e+00
    1.0787878788e+01
    1.1000000000e+01
    1.3285714286e+01
    1.1562500000e+01
    1.1227642276e+01
    1.0939849624e+01
    1.0725190840e+01
    1.2216000000e+01
    1.2365853659e+01
    1.0886524823e+01
    8.8734177215e+00
    1.1260869565e+01
    1.0844961240e+01
    1.2724137931e+01
    1.4041322314e+01
    1.2752066116e+01
    1.3259541985e+01
    1.0555555556e+01
    1.0666666667e+01
    1.2064748201e+01
    1.4714285714e+01
    1.4220338983e+01
    1.1744827586e+01
    1.3696969697e+01
    1.3656000000e+01
    1.7545454545e+01
    1.4357664234e+01
    1.6628318584e+01
    1.5780487805e+01
    1.5584615385e+01
    1.7754716981e+01
    1.4570469799e+01
    1.5992481203e+01
    1.4714285714e+01
    1.8104895105e+01
    1.7425806452e+01
    2.1320610687e+01
    2.3857142857e+01
    2.4823129252e+01
    3.8064516129e+01
    3.8114093960e+01
    7.4061728395e+01
    4.4847870183e+00
    5.3583815029e+00
    4.8360655738e+00
    5.0853932584e+00
    5.1179138322e+00
    5.1197740113e+00
    5.8136882129e+00
    5.2697674419e+00
    5.0238353196e+00
    5.2968929804e+00
    5.0153005464e+00
    5.2256983240e+00
    5.2227074236e+00
    4.5067079463e+00
    5.1470911087e+00
    5.2883087401e+00
    5.2967157418e+00
    5.1339187706e+00
    4.6757894737e+00
    5.1137855580e+00
    5.0477815700e+00
    5.1569506726e+00
    5.3684210526e+00
    4.7907227616e+00
    5.4113475177e+00
    5.0796359499e+00
    5.4535840188e+00
    4.6519916143e+00
    4.6482830385e+00
    4.7227513228e+00
    5.0745614035e+00
    5.2567421791e+00
    5.1878453039e+00
    4.9956427015e+00
    5.4231213873e+00
    4.9113513514e+00
    5.1479820628e+00
    4.6737288136e+00
    5.2015167931e+00
    5.3774011299e+00
    5.4249165740e+00
    5.2998921251e+00
    5.2665121669e+00
    5.1449893390e+00
    5.3029001074e+00
    5.6561085973e+00
    5.0241935484e+00
    5.4595744681e+00
    5.8953229399e+00
    5.6814159292e+00
    5.6218487395e+00
    5.7518959913e+00
    6.3971397140e+00
    5.4711830131e+00
    6.3766769866e+00
    7.4391304348e+00
    8.3189655172e+00
    9.6738894908e+00
    1.3069114471e+01
    3.0383947939e+01
    2.7104851330e+00
    2.8431055398e+00
    2.8867138692e+00
    2.7235099338e+00
    2.7588594705e+00
    2.9051124744e+00
    3.0016652789e+00
    2.9221209611e+00
    2.9362148552e+00
    2.6898352752e+00
    2.7843534657e+00
    2.9190215099e+00
    2.9287833828e+00
    2.9588307946e+00
    2.9267773521e+00
    2.8588625986e+00
    2.8898305085e+00
    2.9103594080e+00
    2.9114082741e+00
    2.6663980661e+00
    2.7653631285e+00
    2.5668385561e+00
    2.9584372402e+00
    2.6047808765e+00
    2.7899090157e+00
    2.7974047719e+00
    2.6589147287e+00
    2.5335463259e+00
    2.8512885509e+00
    2.7628524046e+00
    2.7924604783e+00
    2.6873449132e+00
    2.8584221748e+00
    2.7142857143e+00
    2.8172673931e+00
    2.6653127539e+00
    2.7748562038e+00
    2.9017894299e+00
    2.7746938776e+00
    2.7973421927e+00
    2.5674822415e+00
    2.9576091564e+00
    2.5366049879e+00
    2.7654008439e+00
    2.6562626672e+00
    2.6587366694e+00
    2.8878812861e+00
    2.5736677116e+00
    2.6788321168e+00
    2.7922705314e+00
    2.8103727715e+00
    2.8469055375e+00
    3.1321909425e+00
    2.9740575598e+00
    3.1520661157e+00
    3.1984914649e+00
    3.4080625257e+00
    3.9694041868e+00
    5.3340274885e+00
    1.2742215215e+01
    1.7624031819e+00
    1.8768390080e+00
    1.8417786970e+00
    1.8242477104e+00
    1.8661417323e+00
    1.6936560935e+00
    1.8741243897e+00
    1.8678762006e+00
    1.9234154930e+00
    1.7683185091e+00
    1.7554991540e+00
    1.8743455497e+00
    1.8111064367e+00
    1.7383392596e+00
    1.8260777235e+00
    1.7688452704e+00
    1.8459906661e+00
    1.7655055225e+00
    1.9542656113e+00
    1.7971360382e+00
    1.6632718014e+00
    1.7825708061e+00
    1.8449662970e+00
    1.7241233629e+00
    1.8600352113e+00
    1.7376875925e+00
    1.6514900662e+00
    1.6556291391e+00
    1.6466863656e+00
    1.7031543764e+00
    1.7076146403e+00
    1.6624499262e+00
    1.7122036111e+00
    1.7206165703e+00
    1.6152224331e+00
    1.5809962327e+00
    1.5943725611e+00
    1.6758909853e+00
    1.5978692292e+00
    1.7258947368e+00
    1.5848977889e+00
    1.5777962924e+00
    1.6797107614e+00
    1.6302626094e+00
    1.5709543568e+00
    1.6483400296e+00
    1.6419495938e+00
    1.6315118010e+00
    1.5987041037e+00
    1.6760623532e+00
    1.5934252386e+00
    1.7652173913e+00
    1.6835443038e+00
    1.7184131091e+00
    1.6413570275e+00
    1.7402489627e+00
    1.8172224567e+00
    1.9088669951e+00
    2.3309873732e+00
    5.8824851829e+00
    1.2927517640e+00
    1.2234882818e+00
    1.2510058404e+00
    1.2320498157e+00
    1.2487976082e+00
    1.2049961370e+00
    1.3036118886e+00
    1.2227378190e+00
    1.1992011339e+00
    1.2956065574e+00
    1.2679031427e+00
    1.2303908879e+00
    1.2419017764e+00
    1.1811125485e+00
    1.1987090242e+00
    1.2590481241e+00
    1.2339797098e+00
    1.2305930262e+00
    1.2094267516e+00
    1.2326674501e+00
    1.2250606719e+00
    1.2719502720e+00
    1.2001281230e+00
    1.2334650856e+00
    1.2041454830e+00
    1.1114519427e+00
    1.1852473841e+00
    1.2419376070e+00
    1.1717236927e+00
    1.1437094682e+00
    1.1848124428e+00
    1.0977732275e+00
    1.1524919094e+00
    1.1410071942e+00
    1.1326123342e+00
    1.1780839724e+00
    1.0617346939e+00
    1.1988878831e+00
    1.1018105484e+00
    1.0481099656e+00
    9.9793014230e-01
    9.9360859005e-01
    1.0818017085e+00
    9.9030117407e-01
    1.0448617632e+00
    9.6353436185e-01
    1.0041407867e+00
    1.0862540717e+00
    1.0580976864e+00
    1.0272774061e+00
    1.0137544575e+00
    9.8359815479e-01
    1.0058191018e+00
    1.0159878188e+00
    9.9468287125e-01
    1.0765696784e+00
    1.0414073415e+00
    1.1040374636e+00
    1.2580805569e+00
    2.9716135458e+00
    9.1860665632e-01
    9.5442858409e-01
    9.7533009034e-01
    9.3623288858e-01
    9.4483240223e-01
    9.4079703102e-01
    9.2399718508e-01
    9.3370069098e-01
    9.7034421889e-01
    9.1909722222e-01
    8.9965971556e-01
    9.0216825672e-01
    9.2367217728e-01
    9.0400704535e-01
    8.2578037664e-01
    8.6818495514e-01
    9.2015579357e-01
    9.0298769772e-01
    9.5509622238e-01
    9.0667853963e-01
    8.9053867403e-01
    8.0411378556e-01
    9.1079187727e-01
    8.9932116724e-01
    8.5086574437e-01
    8.7558808155e-01
    8.7534818942e-01
    8.8634167765e-01
    8.6154113759e-01
    8.5726872247e-01
    8.2555004783e-01
    8.3365638767e-01
    8.0342178771e-01
    8.1279251170e-01
    8.0841446453e-01
    8.3054996940e-01
    7.6638376061e-01
    7.7908587258e-01
    7.9435591561e-01
    7.3170731707e-01
    7.6750724892e-01
    6.9652523136e-01
    7.3124945429e-01
    7.0635877994e-01
    6.6344633761e-01
    7.7013319220e-01
    6.6924844668e-01
    7.2549703523e-01
    6.9228057808e-01
    6.7585789610e-01
    7.3551106428e-01
    6.3719979561e-01
    6.7046916545e-01
    6.6238690220e-01
    6.8088413055e-01
    7.0535945456e-01
    6.9297721649e-01
    7.3487423521e-01
    8.5724090597e-01
    1.6665529883e+00
    7.0758008246e-01
    7.2393724696e-01
    7.1508167659e-01
    6.8288973384e-01
    7.3977695167e-01
    7.4472387211e-01
    7.1069501745e-01
    7.0849590938e-01
    6.8952248786e-01
    6.7422219462e-01
    7.2640911970e-01
    6.6959775491e-01
    6.7245132798e-01
    7.4088145897e-01
    6.7580921011e-01
    7.0125427594e-01
    6.5906074205e-01
    6.8781597573e-01
    6.3114087240e-01
    6.9442856235e-01
    6.6338632349e-01
    5.9270898806e-01
    6.1131626713e-01
    6.9293236899e-01
    6.3884711779e-01
    6.5991234199e-01
    6.0322763664e-01
    6.7495706380e-01
    6.4269024313e-01
    6.2308613194e-01
    6.1867999747e-01
    5.5920266616e-01
    5.9198681374e-01
    6.1395084350e-01
    6.0085701683e-01
    5.3360871198e-01
    5.7878157878e-01
    5.7287284144e-01
    5.4671669794e-01
    5.3212851406e-01
    5.1376669409e-01
    5.3794182046e-01
    5.3211297729e-01
    5.1300767359e-01
    4.7820687942e-01
    5.3566468880e-01
    5.3658226237e-01
    4.8565676900e-01
    4.8792876403e-01
    4.5856353591e-01
    4.5073479258e-01
    4.7897049592e-01
    4.3242240633e-01
    4.5928659287e-01
    4.6876349060e-01
    4.8728761007e-01
    4.0996911150e-01
    4.9266299300e-01
    4.9130434783e-01
    9.4093031718e-01
    5.1826202448e-01
    5.7543186180e-01
    5.5186841726e-01
    5.1775091153e-01
    5.3947556957e-01
    5.9123947972e-01
    5.9545804465e-01
    5.9191408718e-01
    5.6375454024e-01
    5.7545778835e-01
    5.1331409923e-01
    5.4547636189e-01
    5.1897528689e-01
    4.8923837126e-01
    5.6626968882e-01
    5.3850520341e-01
    5.0631042530e-01
    5.1487262204e-01
    4.8296593186e-01
    5.3088305489e-01
    5.0300830866e-01
    5.1047208243e-01
    5.1355508556e-01
    5.1651406932e-01
    4.9010719176e-01
    5.2105593966e-01
    4.9306189081e-01
    4.5633736081e-01
    4.5147358929e-01
    5.0536809816e-01
    4.3758049897e-01
    4.5143127514e-01
    4.3304775879e-01
    4.1716115664e-01
    4.4697437848e-01
    4.4617429277e-01
    4.2745694986e-01
    3.9719472721e-01
    4.2485094205e-01
    4.3222259729e-01
    3.7804414003e-01
    4.0861587932e-01
    4.0755619321e-01
    3.6365781154e-01
    3.9621028637e-01
    3.5450935905e-01
    3.7779044362e-01
    3.5059495478e-01
    3.4438583271e-01
    3.4533567063e-01
    3.6381240259e-01
    3.4832947403e-01
    3.1544490549e-01
    3.3538720067e-01
    3.4790767499e-01
    3.0544946437e-01
    3.1958188153e-01
    3.0221380043e-01
    3.5150270674e-01
    5.8631358631e-01
    3.9412330694e-01
    4.3649394019e-01
    4.3043884220e-01
    4.5030638171e-01
    4.3401594849e-01
    4.1970571801e-01
    4.3768596286e-01
    4.5061867267e-01
    4.1048230551e-01
    4.4402121144e-01
    4.4076113421e-01
    4.2196531792e-01
    4.2371615313e-01
    3.8524045209e-01
    3.9843954157e-01
    4.1770825537e-01
    4.0538532962e-01
    4.3199373111e-01
    4.1720154044e-01
    4.2031812725e-01
    3.9371353284e-01
    4.1421376609e-01
    3.8862102218e-01
    4.0171322160e-01
    4.2093005785e-01
    3.6337902265e-01
    3.9835828102e-01
    4.0509486734e-01
    3.6670277539e-01
    3.5725117432e-01
    3.5728838674e-01
    3.4254470223e-01
    3.6447275301e-01
    3.4877292593e-01
    3.4157973174e-01
    3.6406557865e-01
    3.6080620387e-01
    3.0855404704e-01
    3.1677392646e-01
    3.0036657440e-01
    3.4755051823e-01
    3.0332739156e-01
    3.1267227892e-01
    3.0274477673e-01
    3.0180163378e-01
    2.8914047371e-01
    2.7663647743e-01
    2.6464319835e-01
    2.9073861320e-01
    2.6348432828e-01
    2.6593727206e-01
    2.4163107363e-01
    2.3718019510e-01
    2.4654861392e-01
    2.2508736436e-01
    2.4419711503e-01
    2.5525875246e-01
    2.3649503162e-01
    2.1726680507e-01
    4.0242241812e-01
    3.5527857036e-01
    3.5281760891e-01
    3.5663492829e-01
    3.5613779719e-01
    3.6643700489e-01
    3.5851789270e-01
    3.4864426141e-01
    3.6791395243e-01
    3.6514673781e-01
    3.3754778892e-01
    3.3465871438e-01
    3.4803906837e-01
    3.4017301563e-01
    3.6049665481e-01
    3.5922330097e-01
    3.3124604871e-01
    3.6148300721e-01
    3.3265592780e-01
    3.4565663888e-01
    3.1602302710e-01
    3.2606808179e-01
    3.3313234851e-01
    3.3112243360e-01
    3.2981372049e-01
    3.1856323574e-01
    3.0564973447e-01
    2.7930972063e-01
    3.0145041160e-01
    3.1734931735e-01
    3.0578860322e-01
    2.9208068067e-01
    2.6909210095e-01
    3.0626506024e-01
    2.9687924836e-01
    2.8406522198e-01
    2.5587561769e-01
    2.7146839313e-01
    2.4572072740e-01
    2.3720653789e-01
    2.8484192161e-01
    2.5450269417e-01
    2.5739057138e-01
    2.4987992315e-01
    2.1911037891e-01
    2.1776827603e-01
    2.1648502174e-01
    2.4882375858e-01
    2.1382903149e-01
    2.1871664097e-01
    2.0974745237e-01
    2.3173811009e-01
    2.0070650574e-01
    1.9053814311e-01
    1.9644224539e-01
    1.9314650963e-01
    1.7971972733e-01
    1.7480463012e-01
    1.8138097875e-01
    1.7114731449e-01
    2.7442875187e-01
    2.9931334288e-01
    3.1364980701e-01
    2.6081754736e-01
    2.8670146657e-01
    2.9458177278e-01
    2.8951998612e-01
    2.9489889820e-01
    2.8496741743e-01
    2.6969545681e-01
    2.6191071339e-01
    2.6363994485e-01
    2.9036425980e-01
    2.9706463802e-01
    2.9269683819e-01
    2.9379091450e-01
    2.7720759582e-01
    2.7113615398e-01
    2.6773162939e-01
    2.8315180986e-01
    2.6789122729e-01
    2.7099350974e-01
    2.7867208264e-01
    2.4973980275e-01
    2.6484655241e-01
    2.4188549183e-01
    2.5740070412e-01
    2.4501932798e-01
    2.3353293413e-01
    2.5913146350e-01
    2.2501484267e-01
    2.4040041835e-01
    2.4856296812e-01
    2.2268490978e-01
    2.2291351660e-01
    2.0930918385e-01
    2.2793863760e-01
    2.2241252753e-01
    2.3833606029e-01
    2.1253258571e-01
    2.1555296395e-01
    2.0103359173e-01
    1.8798544883e-01
    1.9577475193e-01
    1.7779518308e-01
    1.6445501080e-01
    1.9317621536e-01
    1.7909645910e-01
    1.5919046570e-01
    1.8373840468e-01
    1.7061727188e-01
    1.4629026421e-01
    1.2807917359e-01
    1.4206749418e-01
    1.3990188260e-01
    1.6220808856e-01
    1.5117094038e-01
    1.3587099553e-01
    1.2224886631e-01
    1.1379463972e-01
    1.8407890102e-01
    2.2973280155e-01
    2.3080784839e-01
    2.3201705793e-01
    1.9996692712e-01
    2.3151272758e-01
    2.3798407603e-01
    2.4621935105e-01
    2.3834886818e-01
    2.4098268425e-01
    2.3674396316e-01
    2.4327035613e-01
    2.2678437578e-01
    2.1892088575e-01
    2.2917189986e-01
    2.0807798297e-01
    2.2637390057e-01
    2.1842925882e-01
    2.3316298028e-01
    2.4950702748e-01
    2.0800616500e-01
    2.2242284623e-01
    2.0785353326e-01
    2.0961826971e-01
    2.3304986877e-01
    2.0538326507e-01
    2.1227462290e-01
    2.0867695263e-01
    2.1097986464e-01
    2.0852200405e-01
    1.9715023748e-01
    1.8403658283e-01
    1.9511072042e-01
    1.9676817899e-01
    2.0389566962e-01
    1.6828940568e-01
    1.8020982060e-01
    2.0147959290e-01
    1.9066486879e-01
    1.8024598864e-01
    1.7322980982e-01
    1.5761529438e-01
    1.5072230144e-01
    1.6114962865e-01
    1.5169288190e-01
    1.5310787989e-01
    1.3524774315e-01
    1.3842438136e-01
    1.4451820393e-01
    1.3186745881e-01
    1.3021507364e-01
    1.2642085965e-01
    1.1355908045e-01
    1.1654524423e-01
    1.1680245221e-01
    1.0874320230e-01
    8.0626089745e-02
    1.1861617803e-01
    8.7241393003e-02
    9.0981075303e-02
    1.1398832191e-01
    1.8285522859e-01
    1.9159508767e-01
    2.1712123376e-01
    2.0425623697e-01
    2.0187165775e-01
    1.9196134025e-01
    1.9735014425e-01
    1.9493563446e-01
    1.9295882009e-01
    2.1684475173e-01
    2.0883555651e-01
    1.9411556186e-01
    2.0216046632e-01
    1.8286451795e-01
    1.8338427832e-01
    1.9560952330e-01
    1.6178021514e-01
    2.0581391186e-01
    1.8936181538e-01
    1.7703722067e-01
    1.8398352916e-01
    1.9626567845e-01
    1.8435675102e-01
    1.7051987114e-01
    1.8857427256e-01
    1.7474625594e-01
    1.6687408882e-01
    1.8361261005e-01
    1.7334562735e-01
    1.7758636000e-01
    1.4982566063e-01
    1.6460025652e-01
    1.6669909266e-01
    1.5182765319e-01
    1.5302087212e-01
    1.5805858214e-01
    1.4479087721e-01
    1.5607466742e-01
    1.4595581138e-01
    1.4717855138e-01
    1.5745011753e-01
    1.2612329102e-01
    1.2291371747e-01
    1.0957469097e-01
    1.3139656983e-01
    1.2397905759e-01
    1.1839941847e-01
    1.1158216631e-01
    1.3676360405e-01
    1.0796662002e-01
    1.0278038113e-01
    8.3337631746e-02
    1.1731572471e-01
    9.2164638315e-02
    1.0308746085e-01
    9.6883969544e-02
    9.1118800461e-02
    7.7654837404e-02
    8.0682778435e-02
    9.3155325296e-02
    1.6864359904e-01
    1.5170430206e-01
    1.5176580926e-01
    1.5345068369e-01
    1.7342732358e-01
    1.6895478675e-01
    1.6794832359e-01
    1.6489459775e-01
    1.6357849963e-01
    1.6279425019e-01
    1.4999006891e-01
    1.6653347267e-01
    1.4894984014e-01
    1.6723664637e-01
    1.7565238799e-01
    1.5018830950e-01
    1.6847090663e-01
    1.4936902486e-01
    1.6292868892e-01
    1.5277034773e-01
    1.6593236304e-01
    1.5130280451e-01
    1.6254552719e-01
    1.6367219374e-01
    1.5890197039e-01
    1.3691995049e-01
    1.5533294410e-01
    1.4799115370e-01
    1.4529705243e-01
    1.4270046308e-01
    1.4229630879e-01
    1.3568053650e-01
    1.2798264642e-01
    1.2553404236e-01
    1.3881477642e-01
    1.3590634717e-01
    1.2829895257e-01
    1.3781859931e-01
    1.2658323623e-01
    1.2326555479e-01
    1.1396258581e-01
    1.0000150446e-01
    1.2690771590e-01
    1.2420995195e-01
    8.5403773585e-02
    1.0046914579e-01
    9.5952159149e-02
    1.0590030976e-01
    8.8447545774e-02
    8.6655811661e-02
    8.8052840630e-02
    7.0226383786e-02
    7.6075300846e-02
    7.2948148148e-02
    7.0513764169e-02
    6.6369932210e-02
    7.0810937135e-02
    5.9233651078e-02
    6.6597053022e-02
    6.9244258158e-02
    1.3460742284e-01
    1.3524288600e-01
    1.4294117647e-01
    1.3160743641e-01
    1.3533564676e-01
    1.4677087950e-01
    1.4160696896e-01
    1.4379799452e-01
    1.1839825109e-01
    1.4085127397e-01
    1.2804747648e-01
    1.4411944748e-01
    1.2711096905e-01
    1.6174963594e-01
    1.4483405967e-01
    1.4097714316e-01
    1.2807665143e-01
    1.3721608390e-01
    1.4258268515e-01
    1.2801781025e-01
    1.3101033280e-01
    1.2921115580e-01
    1.2425468484e-01
    1.1254851229e-01
    1.4000615294e-01
    1.2934039326e-01
    1.3677559271e-01
    1.0939572391e-01
    1.2039692172e-01
    1.1057647575e-01
    1.2697547684e-01
    1.1609079845e-01
    1.0928207307e-01
    9.8997774295e-02
    1.0689747004e-01
    1.0995567904e-01
    1.1437337989e-01
    1.1288095997e-01
    1.0862992627e-01
    1.0102126764e-01
    9.4987435524e-02
    1.0501349687e-01
    8.2103709949e-02
    9.3700300987e-02
    8.7611395370e-02
    8.2228116711e-02
    7.5160094371e-02
    7.1777057882e-02
    7.2904766850e-02
    7.1754501622e-02
    5.9200993583e-02
    7.4290440986e-02
    6.6590999961e-02
    3.8008067018e-02
    6.0039382746e-02
    3.8067068720e-02
    6.5849059024e-02
    5.5899992408e-02
    4.8418759578e-02
    5.3367721456e-02
    1.0385187093e-01
    1.1362645905e-01
    1.0867556408e-01
    1.2788956867e-01
    1.1431038103e-01
    1.2091132539e-01
    1.2990274094e-01
    1.1567001309e-01
    1.1838600957e-01
    1.2442833108e-01
    1.1452223273e-01
    1.2729584628e-01
    1.1061341883e-01
    1.1435477436e-01
    1.2201976784e-01
    1.3490697291e-01
    1.1049976001e-01
    1.0049051322e-01
    9.3353912352e-02
    1.2329701073e-01
    1.1542303760e-01
    1.0360945209e-01
    1.1580161748e-01
    1.1200788325e-01
    1.1670319624e-01
    1.1795610441e-01
    1.0290906530e-01
    1.1321240492e-01
    1.0087837285e-01
    1.0371875110e-01
    8.5407332692e-02
    8.2695555944e-02
    9.6667289022e-02
    9.2800782068e-02
    9.7883102286e-02
    1.0050333606e-01
    9.0129660213e-02
    9.6664492686e-02
    9.2727061826e-02
    9.7520507733e-02
    8.0114036404e-02
    7.8701994092e-02
    7.4123104905e-02
    8.7058823529e-02
    7.0910788167e-02
    6.8598721706e-02
    5.6559633028e-02
    6.3087371093e-02
    7.8726349792e-02
    5.0931252492e-02
    5.8046528635e-02
    4.3492114067e-02
    5.0262667345e-02
    4.2830455703e-02
    3.1662803520e-02
    5.8823529412e-02
    3.9745770298e-02
    5.0515013282e-02
    4.4925272266e-02
    4.3514126624e-02
    7.5903551983e-02
    9.3223888098e-02
    9.5474779757e-02
    8.4630400969e-02
    9.9147890637e-02
    8.6452123066e-02
    9.8684485279e-02
    1.1800877248e-01
    9.8375933236e-02
    1.0956023145e-01
    1.0154587853e-01
    8.9240947437e-02
    1.0338906746e-01
    9.3853837955e-02
    1.0354161028e-01
    1.1390270635e-01
    1.0095492265e-01
    1.0003134469e-01
    9.3939172164e-02
    1.0573733611e-01
    9.9696250988e-02
    8.8850757512e-02
    9.8240576764e-02
    8.2720856149e-02
    1.0334612817e-01
    1.0289150327e-01
    9.8883290916e-02
    8.6494816181e-02
    8.3858095891e-02
    8.8071767590e-02
    8.4081497089e-02
    8.2547731153e-02
    8.0754654117e-02
    7.7719130543e-02
    9.0219407796e-02
    9.4176566746e-02
    7.8630916317e-02
    8.6616130235e-02
    7.4444766119e-02
    6.6282123912e-02
    7.8846864605e-02
    6.8489775807e-02
    6.4761163776e-02
    5.7279921276e-02
    5.1064650752e-02
    4.5572358620e-02
    5.8437534917e-02
    6.1656717638e-02
    4.4841185356e-02
    5.0714365841e-02
    3.1348753622e-02
    3.6943059961e-02
    2.9518029850e-02
    2.7640325886e-02
    1.9288290885e-02
    2.6223550556e-02
    3.9877969056e-02
    1.4783755586e-02
    2.7172057174e-02
    4.4852841711e-02
    7.4792554384e-02
    7.7464066187e-02
    6.6892275081e-02
    7.2665135302e-02
    7.4692837878e-02
    7.1444577233e-02
    7.5587209900e-02
    7.9505564269e-02
    9.1181342592e-02
    8.1481481481e-02
    7.2229640766e-02
    8.5050510714e-02
    5.5295551606e-02
    8.7078940722e-02
    8.9178169304e-02
    9.1584528076e-02
    8.7177182239e-02
    8.6337627195e-02
    8.6027654090e-02
    9.0394164392e-02
    8.0288161341e-02
    8.6115237641e-02
    6.7705179209e-02
    7.1888153381e-02
    7.4100672455e-02
    7.9818927134e-02
    7.3472284476e-02
    8.8141639197e-02
    8.7900415556e-02
    8.5647564336e-02
    7.7319110321e-02
    7.3575549033e-02
    6.3274299493e-02
    7.3766994973e-02
    7.2040786168e-02
    7.9480461976e-02
    6.6213294402e-02
    5.5459208147e-02
    5.1681841987e-02
    5.6103677399e-02
    6.1994410943e-02
    5.9716859717e-02
    4.7475729937e-02
    6.1066318941e-02
    5.0851780997e-02
    4.7304451705e-02
    4.8362556151e-02
    4.6973992470e-02
    3.4288194444e-02
    2.9196948004e-02
    2.5813591499e-02
    2.3063894194e-02
    1.7662909680e-02
    1.0419730638e-02
    2.6111704020e-02
    2.3139794077e-02
    1.1971494757e-02
    1.8904107179e-02
    2.5419278036e-02
    3.0892976075e-02
    7.9489564219e-02
    6.4374512092e-02
    6.9776006964e-02
    5.6842140631e-02
    5.6468629940e-02
    6.3570810983e-02
    6.3687263387e-02
    7.4892680427e-02
    6.2259360761e-02
    6.7565177105e-02
    5.7019532759e-02
    6.8656414066e-02
    6.7832892932e-02
    6.4760543245e-02
    7.0829700181e-02
    6.9252774725e-02
    7.4210041069e-02
    6.8262828704e-02
    6.4700763154e-02
    8.0999572761e-02
    7.5396691709e-02
    7.9557101332e-02
    7.6240554843e-02
    7.4157679124e-02
    7.3708696271e-02
    6.9866550793e-02
    6.8702801360e-02
    7.2115223581e-02
    7.3872726816e-02
    6.9362088952e-02
    5.5772113943e-02
    6.3874975960e-02
    6.6855642169e-02
    6.1135008553e-02
    5.4899812408e-02
    6.1261321480e-02
    4.8839190452e-02
    5.1942591936e-02
    4.6776106775e-02
    4.6758362712e-02
    5.3340263855e-02
    3.6369298346e-02
    4.5293765234e-02
    4.4021230097e-02
    2.7950967784e-02
    3.2357849322e-02
    3.2909407239e-02
    3.5463310999e-02
    2.9404372958e-02
    2.7287215013e-02
    1.8994737563e-02
    3.2371546605e-02
    2.5801659831e-02
    1.9731776181e-02
    1.2222044473e-02
    4.9672953276e-03
    1.6573004682e-02
    8.2528450597e-03
    2.4763733367e-02
    2.5577697853e-02
    5.3012891737e-02
    6.4459386398e-02
    6.1176040906e-02
    5.6493654533e-02
    6.2111422650e-02
    6.1455065932e-02
    6.2263154268e-02
    6.9827876120e-02
    5.7047005394e-02
    5.2818208682e-02
    5.7240080209e-02
    5.5232602262e-02
    5.6535158757e-02
    6.6831607563e-02
    6.1424162761e-02
    6.8587095148e-02
    6.6965681900e-02
    6.5294502717e-02
    5.8228575316e-02
    6.8050556625e-02
    6.4447419669e-02
    6.5802942569e-02
    6.7893009692e-02
    5.6627909633e-02
    7.2039294160e-02
    7.2634519616e-02
    6.0398825915e-02
    5.5492501627e-02
    5.9099082763e-02
    5.8539501866e-02
    5.0373036009e-02
    5.4192553626e-02
    5.5050638154e-02
    3.8913186747e-02
    5.9310636626e-02
    4.6892302130e-02
    5.9781708694e-02
    4.0424331340e-02
    3.8164528212e-02
    5.0389344878e-02
    3.9354263316e-02
    4.3217653856e-02
    4.1629073990e-02
    3.0846452881e-02
    1.7371713159e-02
    3.0549928393e-02
    2.8462521515e-02
    2.6812577429e-02
    1.6777116631e-02
    2.3755464933e-02
    2.3089131214e-02
    2.4507869701e-02
    1.8274667153e-02
    1.1987620058e-02
    2.7954146532e-03
    1.5096055966e-02
    7.0296505219e-03
    6.0887792497e-03
    1.1357740791e-03
    1.8384292816e-02
