#xi2 with jacknife, root:tmp/PairCount/tmp-All-rmu NJN=25
#r(Mpc/h) mean sigma All jacknifecolumns
    5.0000000000e-01                 -inf                  nan                 -inf                 -inf                 -inf                 -inf                 -inf                 -inf                 -inf                 -inf                 -inf                 -inf                 -inf                 -inf                 -inf                 -inf                 -inf                 -inf                 -inf                 -inf                 -inf                 -inf                 -inf                 -inf                 -inf                 -inf                 -inf                 -inf
    1.5000000000e+00     9.0501986196e-01     4.3507491518e-01     9.0643480278e-01     8.5946745683e-01     8.6204785289e-01     9.0375155814e-01     8.8445864681e-01     7.9203805920e-01     1.0548848436e+00     8.7558246244e-01     1.1051035050e+00     8.9093607371e-01     9.0671267319e-01     8.1408517941e-01     8.8755792953e-01     9.3123262508e-01     8.9652487461e-01     9.5140130972e-01     8.9066738056e-01     1.0864638988e+00     9.0083856234e-01     8.9233067870e-01     8.9936268419e-01     7.7945938706e-01     8.6809040821e-01     7.1812784823e-01     9.3185680656e-01     1.0425138441e+00
    2.5000000000e+00     1.7920210831e-02     2.1251527687e-01     1.8284749404e-02    -5.9335108680e-03     1.0375268331e-01     4.7967006054e-02    -5.7929339682e-02    -5.1158852224e-02     5.9666856100e-02     4.3367522581e-02     7.1571858062e-03     4.0333666311e-02     5.8769533904e-03    -8.9581423788e-02     4.1122808569e-02     2.2512537163e-02     4.6946469701e-02     1.9038407581e-03     1.4430346114e-02     5.9714924048e-02    -2.8674124654e-02     4.5196679642e-02     2.4403769975e-02     6.6689072038e-02    -3.8151491017e-03     3.1807155254e-02     5.2715174326e-02    -3.0466980045e-02
    3.5000000000e+00     1.0192791367e-01     1.2238148011e-01     1.0246349607e-01     8.6487323398e-02     7.6907353632e-02     1.0342649176e-01     6.6405437710e-02     5.8006558998e-02     1.0237974834e-01     1.2111118543e-01     1.0381867388e-01     1.2419568319e-01     7.8757203710e-02     5.5648648550e-02     7.6702721344e-02     1.4696883189e-01     1.2332267186e-01     9.1666029791e-02     1.2054169800e-01     1.2173808344e-01     7.3541682625e-02     1.1417311036e-01     1.0440136583e-01     1.0997515290e-01     1.1555966957e-01     1.4796662706e-01     1.2782728959e-01     9.6668598880e-02
    4.5000000000e+00     7.1009540107e-03     7.1458438565e-02     6.5083578531e-03     9.7157122958e-03     1.2018344948e-02     2.0857054908e-04    -2.2915568882e-02    -1.0379748356e-02     3.4754428627e-02     2.9995962037e-02     1.9249014482e-02     7.6587151278e-04     8.2225950201e-04    -7.6787060409e-03     7.9526164543e-03     1.8791375061e-04     5.1893819866e-03     1.4358381089e-02    -2.0498767236e-04     4.4871540724e-03     1.8171979153e-03     7.1020325582e-03    -7.7928359222e-03     1.0695211474e-02     4.1522597011e-03     4.9652737513e-02     1.1789837686e-02     1.5808089864e-03
    5.5000000000e+00    -4.4827494543e-03     5.5641557063e-02    -4.3132075094e-03    -5.5599941724e-04    -6.7372089829e-03    -8.8917713060e-03    -3.4559512285e-02    -1.6376485232e-02    -4.9904915050e-03     1.0791722953e-02    -2.4919133556e-03    -1.1365477888e-02    -2.8689881873e-03    -1.5724983109e-02     9.9299299832e-03     1.5599661591e-03    -1.7772096859e-02    -9.8396215682e-03     4.5441121984e-03     1.4587649219e-02     1.0499257204e-05     5.9347199970e-03    -1.1388878997e-02     1.7569285447e-02    -1.6490387348e-02    -3.8025978812e-03    -3.8955399836e-03    -9.2446676660e-03
    6.5000000000e+00    -3.9617807995e-03     4.4601652086e-02    -3.7959095363e-03     1.0143992601e-04    -3.2703012466e-03    -7.4952500761e-03    -3.6444460785e-02    -5.0103636038e-03    -1.6352378329e-03     4.2776539559e-03     1.9162593426e-03     1.5699106140e-05    -1.0286489438e-02    -6.6267392645e-03     7.5827039408e-03    -5.8958755171e-03    -4.8099035624e-03    -1.4110984803e-02     3.9764298170e-03     5.4694850040e-03    -4.6970791200e-03     6.6458375116e-03    -3.6567604978e-03     4.9268320422e-04    -1.3470459771e-02    -1.2972164215e-03    -1.5111436772e-02     4.2958469154e-03
    7.5000000000e+00    -4.0885835157e-02     3.4578111912e-02    -4.0946400892e-02    -5.0073847138e-02    -4.5559770078e-02    -4.4980465451e-02    -5.5347441002e-02    -4.8065374086e-02    -3.5830024869e-02    -3.5605163867e-02    -4.6590189928e-02    -2.9383843766e-02    -4.1835698602e-02    -4.3922658026e-02    -3.8135928562e-02    -4.1790594868e-02    -4.3470267537e-02    -4.5396569719e-02    -3.2393330209e-02    -3.5029006507e-02    -3.1107734627e-02    -3.4016098290e-02    -3.1137968692e-02    -4.2473253905e-02    -3.8785169375e-02    -4.2868881015e-02    -5.4690084045e-02    -3.3656514753e-02
    8.5000000000e+00    -2.7538651584e-02     2.7486103343e-02    -2.7481006495e-02    -2.3591484587e-02    -1.8966130957e-02    -3.0782846329e-02    -2.7661287198e-02    -3.6293915627e-02    -3.3294497541e-02    -2.4155240164e-02    -3.0953659425e-02    -1.8384327768e-02    -3.4951432010e-02    -3.2791139234e-02    -2.3923290757e-02    -2.9781606025e-02    -2.9600416008e-02    -3.0647257814e-02    -2.1105101193e-02    -2.3560250501e-02    -3.4016021795e-02    -2.1448823889e-02    -2.1621825285e-02    -2.3373490637e-02    -2.2776899493e-02    -3.3502009229e-02    -3.7349698213e-02    -2.3933637934e-02
    9.5000000000e+00    -4.1467041132e-02     3.0777103964e-02    -4.1802741291e-02    -4.9270908947e-02    -3.6391871680e-02    -4.8714874503e-02    -5.1389826009e-02    -3.8477713535e-02    -4.0760330105e-02    -3.7250515875e-02    -4.3365067155e-02    -2.8824868435e-02    -4.6546072196e-02    -4.6138934539e-02    -3.8030690828e-02    -3.6491065519e-02    -3.6250767652e-02    -4.7404602362e-02    -2.9914204401e-02    -4.5615782401e-02    -4.0934556398e-02    -4.1276931948e-02    -3.6988933840e-02    -3.4745945484e-02    -4.0370352562e-02    -4.2786447575e-02    -5.5187569547e-02    -4.3547194792e-02
    1.0500000000e+01    -2.4849328445e-02     2.6711486949e-02    -2.5157404368e-02    -2.5523219136e-02    -1.7749694315e-02    -2.2732134218e-02    -3.1318867772e-02    -2.4736132230e-02    -1.6746937597e-02    -2.0032703444e-02    -2.4978453488e-02    -2.0081273408e-02    -3.2239215985e-02    -3.2148247257e-02    -2.5029461760e-02    -2.6362815106e-02    -2.6354335230e-02    -2.9139193824e-02    -1.5369894259e-02    -2.6842918542e-02    -2.7114035965e-02    -2.6811573205e-02    -1.8098187939e-02    -1.3656093671e-02    -2.8324686148e-02    -2.7234778814e-02    -3.5096923739e-02    -2.7511434067e-02
    1.1500000000e+01    -9.1922883180e-03     2.6576188270e-02    -9.1411027646e-03    -1.5028499997e-02     8.4118895122e-05    -6.2572304830e-03    -1.6374251861e-02    -1.5087347847e-02    -5.4628297027e-03    -1.1082145076e-03    -9.1649827013e-03    -6.4388864693e-03    -1.5224067924e-02    -1.8036480508e-02    -1.0077949179e-02    -7.1013990270e-03    -1.1488900719e-02    -1.1939715355e-02     3.0277264148e-03    -1.2454202737e-02    -1.2834603605e-02    -1.1393527040e-02    -1.2263289167e-02    -2.3671356332e-03    -1.0069303017e-02    -3.0467319695e-03    -1.3574163089e-02    -6.1253407223e-03
    1.2500000000e+01    -1.4122135578e-02     1.8419810383e-02    -1.3989796312e-02    -1.7330177185e-02    -7.6297952108e-03    -1.3656792323e-02    -1.9932751416e-02    -1.4687939565e-02    -1.1860172231e-02    -1.5165130253e-02    -1.2948294095e-02    -1.0673470110e-02    -1.2414157867e-02    -2.3233422634e-02    -1.1954202334e-02    -1.1789889220e-02    -1.7063270809e-02    -1.7951473286e-02    -9.5720385109e-03    -1.3795454793e-02    -1.6471341058e-02    -1.3474644483e-02    -1.2218364096e-02    -1.0163467695e-02    -1.6714230580e-02    -8.2254814742e-03    -2.0453706224e-02    -1.3673721992e-02
    1.3500000000e+01    -9.6600916977e-03     1.8328148547e-02    -9.3261197423e-03    -1.2322392296e-02    -3.7384929327e-03    -4.6115463980e-03    -1.5736372024e-02    -1.2966515133e-02    -9.8755113170e-03    -9.7722599767e-03    -1.0179339428e-02    -5.2412343206e-03    -7.6415149695e-03    -1.4729416656e-02    -1.1274617011e-02    -1.2855950392e-02    -1.2464068512e-02    -1.3208076278e-02    -2.6333763916e-03    -1.0270975744e-02    -1.1913149947e-02    -9.1601885629e-03    -7.3637534572e-03    -6.6594977098e-03    -1.5852734654e-02    -3.3007250108e-03    -7.8356718222e-03    -9.8949114996e-03
    1.4500000000e+01    -1.2414449004e-02     2.6373819556e-02    -1.2053517980e-02    -2.0686066341e-02    -6.3630724461e-03    -7.4105378049e-03    -1.5732386635e-02    -1.9154705865e-02    -1.0423618550e-02    -1.2176053736e-02    -7.4150085327e-03    -2.0912393449e-03    -1.2527629756e-02    -2.3687270655e-02    -1.0955057594e-02    -1.3913795593e-02    -1.3829402477e-02    -1.3936218550e-02    -1.0649484633e-02    -1.5313795699e-02    -1.0220621513e-02    -1.4002818175e-02    -1.0324237017e-02    -1.2958721616e-02    -1.7297542424e-02     1.4629838982e-03    -1.7518227918e-02    -1.3236696134e-02
    1.5500000000e+01    -3.3915466442e-02     2.0391275491e-02    -3.3715892219e-02    -3.9501543070e-02    -2.9660455853e-02    -3.1199534179e-02    -3.7780493825e-02    -4.1581533873e-02    -2.9052233315e-02    -3.0045463772e-02    -3.6447560853e-02    -2.8498123806e-02    -3.5450296007e-02    -4.1298025040e-02    -3.4322384165e-02    -3.7685893889e-02    -3.6883239383e-02    -3.6304445305e-02    -2.9011943309e-02    -3.2876405262e-02    -3.3986007445e-02    -3.3070349601e-02    -3.1467758106e-02    -2.9274818182e-02    -3.5610885118e-02    -2.5145716972e-02    -3.6823489460e-02    -3.4908061264e-02
    1.6500000000e+01    -2.3406503722e-02     1.6830145950e-02    -2.3483888731e-02    -2.5355419692e-02    -2.4602633289e-02    -2.4865095633e-02    -2.8224655218e-02    -2.8581005351e-02    -1.9072680964e-02    -1.8908046604e-02    -2.4756978707e-02    -2.0529995358e-02    -2.6962031459e-02    -2.4254492782e-02    -2.1984175086e-02    -2.5495256300e-02    -2.4645821209e-02    -2.6321920226e-02    -2.4100933965e-02    -2.0481627170e-02    -2.8045877282e-02    -2.1511694019e-02    -1.9439811905e-02    -1.6278788396e-02    -2.6127181307e-02    -1.6359590066e-02    -2.4221456300e-02    -2.4035424766e-02
    1.7500000000e+01    -1.7807199694e-02     1.4337037097e-02    -1.7482609994e-02    -1.9245034872e-02    -1.6723747495e-02    -2.1231208481e-02    -1.7124384587e-02    -1.9661278751e-02    -1.3159620130e-02    -1.3936622317e-02    -1.7183585151e-02    -1.6736323624e-02    -2.0718058476e-02    -2.1992158427e-02    -1.5467511464e-02    -2.2546294811e-02    -1.9186137300e-02    -1.7125251407e-02    -1.8607409203e-02    -1.3308078902e-02    -1.9580774422e-02    -1.5856628101e-02    -1.4643798267e-02    -1.3087895833e-02    -1.8832308552e-02    -1.5631014994e-02    -2.3042504964e-02    -2.0552361814e-02
    1.8500000000e+01    -1.0403886628e-02     1.8265306420e-02    -1.0206351509e-02    -6.9798893540e-03    -1.0308546876e-02    -8.8925943504e-03    -9.1315320919e-03    -1.2213482060e-02    -6.9872368743e-03    -6.0273671599e-03    -1.1785780309e-02    -6.7103988018e-03    -1.7981705068e-02    -1.0421918851e-02    -6.0473971848e-03    -1.4325667025e-02    -1.3110809491e-02    -1.3349603773e-02    -8.5453820771e-03    -3.4738878929e-03    -1.2572319874e-02    -1.5119456077e-02    -1.1302493092e-02    -9.8841655458e-03    -1.0721332221e-02    -4.3122540385e-03    -1.2075410051e-02    -1.7816535561e-02
    1.9500000000e+01    -7.2548688396e-03     1.9117410163e-02    -7.3240990681e-03    -8.1105717489e-03    -5.0134359441e-03    -2.3677129183e-03    -4.6169005025e-03    -1.0775824216e-02    -2.5710471782e-03    -4.0366373761e-03    -8.9581341333e-03    -3.1788064946e-03    -1.0177552484e-02    -8.5285128392e-03    -3.5609522243e-03    -1.1671107431e-02    -1.2021719351e-02    -1.0668246585e-02    -3.9189288711e-03     1.2162123128e-03    -1.2910165912e-02    -1.0085190715e-02    -8.4247731832e-03    -9.4655165527e-03    -4.6103615807e-03    -3.2017734994e-03    -1.3766569929e-02    -9.9474916309e-03
    2.0500000000e+01    -8.6132208881e-03     1.8597330777e-02    -8.4187925325e-03    -8.2342793600e-03    -8.0721350810e-03    -3.9739567079e-03    -5.0099491941e-03    -1.6219505177e-02    -2.0646889158e-03    -8.4481578255e-03    -1.2674057055e-02    -8.4775795564e-03    -1.3533249685e-02    -8.0875997122e-03    -5.2882608055e-03    -1.0394755808e-02    -1.2457052942e-02    -9.4676728184e-03    -8.5043915515e-03    -2.0679686081e-03    -1.0198919686e-02    -8.8196782104e-03    -1.1195001607e-02    -7.9152576288e-03    -5.6610699298e-03    -1.9433286035e-03    -1.1908553488e-02    -1.4713452245e-02
    2.1500000000e+01     1.1210196702e-03     1.3038238587e-02     1.4659083114e-03     2.6514614538e-03     2.2924292276e-03     2.1222454384e-03     6.6671825422e-03    -9.3797925125e-04     3.3318190484e-03    -5.8151296042e-05    -1.2870429047e-03     1.7574664918e-03    -3.4072396060e-03     1.9604384479e-03     1.6233776826e-03    -2.2027359811e-03    -4.0165857689e-04     5.4076649449e-04     1.6203433676e-03     4.4182805022e-03    -2.2261091776e-03     2.5896312829e-03     1.8005659253e-03    -1.6594480820e-03     7.7736132131e-03     1.7829989832e-03    -1.3953561541e-03    -1.3314073181e-03
    2.2500000000e+01     2.9382836417e-03     1.2050401857e-02     3.1893911148e-03     3.8479831962e-03     3.4660674029e-03     5.1898884024e-03     7.9762028080e-03     2.5728420314e-03     3.1526112280e-03     2.0106122547e-03     2.0963348229e-03     3.3617693613e-03    -8.9708391073e-04     3.1026356207e-03     7.8118657257e-03     1.0934566663e-03    -4.3977387110e-04     1.5364253352e-03     4.5248590648e-03     7.7804590492e-03     6.7806425708e-04     7.3849457950e-05     2.3357958211e-03     2.7958594017e-03     4.9661846563e-03     4.3143469934e-03     3.6266579535e-04    -2.5683052797e-04
    2.3500000000e+01     3.7012578888e-03     1.2579638255e-02     3.9522645959e-03     6.7267478874e-03     5.9176126461e-03     6.8834790075e-03     3.8785088544e-03     4.7979962952e-03     4.7794350820e-03     2.1874102642e-03     3.3503431575e-03     1.8480540404e-03     9.6519612862e-04     5.5482780927e-03     4.5863391360e-03    -3.8167601824e-04     6.8013467607e-04     3.1997117974e-03     3.5644212811e-03     9.1700896474e-03     3.7355093552e-03     2.7984341818e-03     1.8143575111e-03     7.1018127492e-03     7.7568173593e-03     1.6147454569e-03    -5.7172122417e-04     5.7940985379e-04
    2.4500000000e+01     2.0992807881e-02     1.3630693383e-02     2.1179850373e-02     2.1190375531e-02     2.5942025347e-02     2.3600885797e-02     2.1904400919e-02     2.0525594918e-02     2.2441013810e-02     2.0158542139e-02     2.1921077076e-02     2.0446786881e-02     1.5791778313e-02     1.8535297907e-02     2.3376776032e-02     1.7301485976e-02     1.7840200488e-02     1.9007326520e-02     2.2494733285e-02     2.7606611288e-02     2.1678236136e-02     2.0534977230e-02     2.3727863897e-02     2.0842520509e-02     2.3899184994e-02     1.7866593301e-02     1.9014764922e-02     1.7171143802e-02
    2.5500000000e+01     2.6689648163e-03     1.2676117397e-02     2.8557852703e-03     4.7430484730e-03     3.9752508543e-03     8.5158825704e-03     3.1953716350e-03     2.7856433782e-03     2.4300646355e-03     1.2131904391e-03     2.2610878945e-03     1.5307153397e-03    -4.0389477823e-03     2.1122294453e-03     3.6384015959e-03    -1.8648905749e-03     5.1385196390e-04     2.4322126735e-03     4.5293857775e-03     8.0806148228e-03     2.6395729068e-03     1.4577770076e-03     3.3140145738e-03     1.7738117591e-03     5.6326937311e-03     3.7174347471e-03     1.8773879426e-03     2.5831459791e-04
    2.6500000000e+01     2.3003103613e-02     1.3915477323e-02     2.3194564285e-02     2.6009157009e-02     2.5929801534e-02     2.5366200093e-02     2.3672244190e-02     2.3599638176e-02     2.1829574636e-02     2.2122482300e-02     2.2518319987e-02     1.7598074850e-02     1.5347473525e-02     2.3519036154e-02     2.5792826087e-02     1.9818300284e-02     2.1390141082e-02     2.1466190726e-02     2.4521990846e-02     2.6727111823e-02     2.5444459336e-02     2.3404568866e-02     2.4941165457e-02     1.9299733990e-02     2.4839752415e-02     2.5239738877e-02     2.5108336585e-02     1.9571271500e-02
    2.7500000000e+01     1.0288598960e-02     1.4170154774e-02     1.0350467429e-02     1.2071609187e-02     1.0743826300e-02     1.2297300756e-02     1.2951357620e-02     1.3324359119e-02     9.9160918802e-03     1.0393555272e-02     9.7758618958e-03     5.3215896255e-03     4.5452611061e-03     8.3392033084e-03     9.3663904080e-03     7.4582355985e-03     5.9527362509e-03     9.9921399922e-03     9.4504417753e-03     1.5610548200e-02     1.2375202863e-02     1.0740975300e-02     1.3265416397e-02     8.3226541442e-03     1.3452526741e-02     1.3047642645e-02     1.3105067841e-02     5.3949797631e-03
    2.8500000000e+01     1.1774492840e-02     1.2419099607e-02     1.2118169078e-02     1.4183040758e-02     1.6134620964e-02     1.4975157142e-02     1.2800724074e-02     1.4602783834e-02     9.5575212668e-03     1.0729030945e-02     1.0799928424e-02     1.0264039524e-02     8.9102594525e-03     8.9355649285e-03     1.0336910450e-02     8.7360921804e-03     7.2680570309e-03     1.2345692204e-02     1.0764768763e-02     1.2214496419e-02     1.2122159365e-02     1.3216254478e-02     1.3603364227e-02     1.0730892935e-02     1.3866780450e-02     1.6112648369e-02     1.4125342895e-02     7.0261899307e-03
    2.9500000000e+01     1.7533137937e-02     1.1582217804e-02     1.7819935439e-02     1.9905219045e-02     1.8961202496e-02     2.0479325585e-02     1.5649625420e-02     1.9233197580e-02     1.6318031212e-02     1.6249227514e-02     1.5790464353e-02     1.3329519440e-02     1.5215142327e-02     1.2822052895e-02     2.0069507663e-02     1.5685870972e-02     1.5380003044e-02     1.7501783549e-02     1.8623666417e-02     2.2429411990e-02     1.8579501408e-02     1.9485641901e-02     1.8972056346e-02     1.5999188118e-02     1.9994067455e-02     1.9658304332e-02     1.6802343713e-02     1.5194093653e-02
