#xi2 with jacknife, root:tmp/PairCount/tmp-rmu NJN=0
#r(Mpc/h) val
    1.0000000000e+00     1.3836284120e+01
    3.0000000000e+00     3.7114505640e+00
    5.0000000000e+00     1.1567377420e+00
    7.0000000000e+00     2.8977447702e-01
    9.0000000000e+00    -1.3009242041e-02
    1.1000000000e+01    -1.1143794863e-01
    1.3000000000e+01    -1.5894738389e-01
    1.5000000000e+01    -1.5869207662e-01
    1.7000000000e+01    -1.3946921869e-01
    1.9000000000e+01    -1.2724123159e-01
    2.1000000000e+01    -1.1549005528e-01
    2.3000000000e+01    -1.0129882619e-01
    2.5000000000e+01    -8.4227555537e-02
    2.7000000000e+01    -7.4890544302e-02
    2.9000000000e+01    -6.7127447970e-02
    3.1000000000e+01    -5.7787647738e-02
    3.3000000000e+01    -5.5147380676e-02
    3.5000000000e+01    -4.6876117243e-02
    3.7000000000e+01    -4.2048282250e-02
    3.9000000000e+01    -4.1701162166e-02
