#xi0 with jacknife, root:tmp/PairCount/tmp-rmu NJN=0
#r(Mpc/h) val
    5.0000000000e-01                  inf
    1.5000000000e+00     8.4252256590e+00
    2.5000000000e+00     3.6371954470e+00
    3.5000000000e+00     2.1056249786e+00
    4.5000000000e+00     1.4659588385e+00
    5.5000000000e+00     1.1255369598e+00
    6.5000000000e+00     8.7324577589e-01
    7.5000000000e+00     6.9363734993e-01
    8.5000000000e+00     5.6656457671e-01
    9.5000000000e+00     4.5827995667e-01
    1.0500000000e+01     3.9450041115e-01
    1.1500000000e+01     3.3286862031e-01
    1.2500000000e+01     2.8359626832e-01
    1.3500000000e+01     2.3296549103e-01
    1.4500000000e+01     2.0966625782e-01
    1.5500000000e+01     1.8936323122e-01
    1.6500000000e+01     1.5963132240e-01
    1.7500000000e+01     1.4519661842e-01
    1.8500000000e+01     1.3108551419e-01
    1.9500000000e+01     1.1875746450e-01
    2.0500000000e+01     1.0042978336e-01
    2.1500000000e+01     9.4365202139e-02
    2.2500000000e+01     9.0488912722e-02
    2.3500000000e+01     8.2411798233e-02
    2.4500000000e+01     7.0452921128e-02
    2.5500000000e+01     6.3947228926e-02
    2.6500000000e+01     5.5179066445e-02
    2.7500000000e+01     5.2324368737e-02
    2.8500000000e+01     4.9261003369e-02
    2.9500000000e+01     4.1760970500e-02
