#xi0 with jacknife, root:tmp/PairCount/tmp-All-rmu NJN=25
#r(Mpc/h) mean sigma All jacknifecolumns
    5.0000000000e-01                  inf                  nan                  inf                  inf                  inf                  inf                  inf                  inf                  inf                  inf                  inf                  inf                  inf                  inf                  inf                  inf                  inf                  inf                  inf                  inf                  inf                  inf                  inf                  inf                  inf                  inf                  inf                  inf
    1.5000000000e+00     8.4535837147e+00     2.5987048481e-01     8.4445351609e+00     8.5065821732e+00     8.4926699421e+00     8.5075503115e+00     8.4300199822e+00     8.5105372899e+00     8.4236768281e+00     8.5253879187e+00     8.4277116172e+00     8.4121622956e+00     8.4719952546e+00     8.3999851964e+00     8.4084184231e+00     8.4832407883e+00     8.4039497161e+00     8.4165966592e+00     8.3211073031e+00     8.5086952013e+00     8.4445682521e+00     8.4658890698e+00     8.4674246226e+00     8.3832325711e+00     8.5560553793e+00     8.4982569430e+00     8.4676756189e+00     8.4062035109e+00
    2.5000000000e+00     3.6558478243e+00     1.0796363332e-01     3.6546599238e+00     3.6620516434e+00     3.6899082070e+00     3.6669809325e+00     3.6466694129e+00     3.6800208249e+00     3.6111967269e+00     3.6776919997e+00     3.6482101618e+00     3.6505389847e+00     3.6669853292e+00     3.6460144899e+00     3.6750781013e+00     3.6450582503e+00     3.6433144968e+00     3.6363445028e+00     3.6105515651e+00     3.6696967625e+00     3.6307521126e+00     3.6503341574e+00     3.6739418090e+00     3.6506535281e+00     3.6853886598e+00     3.6258460934e+00     3.6917533009e+00     3.6612135547e+00
    3.5000000000e+00     2.1261098429e+00     6.7279840499e-02     2.1260103682e+00     2.1160851450e+00     2.1468492793e+00     2.1386931644e+00     2.1122731764e+00     2.1178175688e+00     2.1010559683e+00     2.1173700927e+00     2.1225271695e+00     2.1096660167e+00     2.1304285876e+00     2.1196570975e+00     2.1308782680e+00     2.1221561696e+00     2.1132279884e+00     2.1119855773e+00     2.1220494104e+00     2.1444920660e+00     2.1293106939e+00     2.1352500994e+00     2.1526214565e+00     2.1172030927e+00     2.1357947391e+00     2.1310738536e+00     2.1561458379e+00     2.1181335546e+00
    4.5000000000e+00     1.5015559313e+00     4.2994039080e-02     1.5015298152e+00     1.5011848581e+00     1.5064932888e+00     1.5082566592e+00     1.5022606694e+00     1.5051225660e+00     1.4990731170e+00     1.4965273883e+00     1.4951422104e+00     1.4890642356e+00     1.5024173772e+00     1.4929223924e+00     1.4977184623e+00     1.5029194045e+00     1.4894964920e+00     1.5099059298e+00     1.4773524560e+00     1.5141069258e+00     1.5008221603e+00     1.4969029625e+00     1.5091226127e+00     1.5086288426e+00     1.5094741464e+00     1.4966245441e+00     1.5188491608e+00     1.5085094206e+00
    5.5000000000e+00     1.1082231720e+00     3.3166461996e-02     1.1079429832e+00     1.1081518117e+00     1.1143640432e+00     1.1090602251e+00     1.1048653459e+00     1.1128588602e+00     1.1066793233e+00     1.1109192965e+00     1.1080139366e+00     1.1033939640e+00     1.1102833329e+00     1.0912561465e+00     1.1096291215e+00     1.1061772770e+00     1.0989390215e+00     1.1047537538e+00     1.0945928440e+00     1.1152700917e+00     1.1131289859e+00     1.1121324179e+00     1.1176330204e+00     1.1068255174e+00     1.1133787050e+00     1.1071318089e+00     1.1231964214e+00     1.1029440270e+00
    6.5000000000e+00     8.5285310199e-01     3.5068094133e-02     8.5276521119e-01     8.5855557031e-01     8.6528728222e-01     8.5445535183e-01     8.5005384283e-01     8.5727787184e-01     8.5203958100e-01     8.4504505793e-01     8.5069124495e-01     8.4593231588e-01     8.5021491140e-01     8.3782261682e-01     8.4876191103e-01     8.5185736829e-01     8.4497134384e-01     8.5351853419e-01     8.3975877056e-01     8.5897448011e-01     8.5352020807e-01     8.5103325011e-01     8.6045134702e-01     8.6469835609e-01     8.6354939394e-01     8.5405685813e-01     8.6165111780e-01     8.4714896358e-01
    7.5000000000e+00     6.9350293985e-01     2.2329332568e-02     6.9359678826e-01     6.9548909949e-01     6.9801316184e-01     6.9477208215e-01     6.9158551844e-01     6.9886008915e-01     6.9460379673e-01     6.9037778188e-01     6.9253143185e-01     6.8953373871e-01     6.9030905912e-01     6.8630122194e-01     6.9385585337e-01     6.9359710266e-01     6.8673202545e-01     6.8860013112e-01     6.8368203984e-01     6.9927520682e-01     6.9101996680e-01     6.9475658151e-01     7.0110693501e-01     6.9831942958e-01     6.9642336255e-01     6.9512474779e-01     7.0161599465e-01     6.9108713788e-01
    8.5000000000e+00     5.6980028511e-01     1.9927976410e-02     5.6970788014e-01     5.7182915384e-01     5.7199456250e-01     5.6886523479e-01     5.6422856318e-01     5.7159263713e-01     5.7088793277e-01     5.6661528625e-01     5.6979485709e-01     5.6339297597e-01     5.7023209791e-01     5.6685899531e-01     5.6787970912e-01     5.7540453077e-01     5.6404970340e-01     5.6420236601e-01     5.6629363887e-01     5.7433107283e-01     5.6588666430e-01     5.7134027943e-01     5.7681389334e-01     5.7791833798e-01     5.6975841659e-01     5.6808600764e-01     5.7609385180e-01     5.7065635895e-01
    9.5000000000e+00     4.6674639539e-01     1.9755402849e-02     4.6684263710e-01     4.6959746197e-01     4.7044698226e-01     4.6519548964e-01     4.6203035326e-01     4.6856586906e-01     4.6723416797e-01     4.6669605653e-01     4.6809526478e-01     4.5915627612e-01     4.6225193961e-01     4.6258739374e-01     4.6746249888e-01     4.6941392118e-01     4.6164273978e-01     4.6468819429e-01     4.6237037738e-01     4.7100643913e-01     4.6439466483e-01     4.6726180673e-01     4.7381073797e-01     4.7448754285e-01     4.6551019327e-01     4.6450613259e-01     4.7456188419e-01     4.6568549680e-01
    1.0500000000e+01     4.0207957378e-01     1.8241007395e-02     4.0200528473e-01     4.0453289348e-01     4.0519645553e-01     4.0109783988e-01     3.9679829480e-01     4.0463727906e-01     3.9721586178e-01     4.0284327826e-01     4.0207199079e-01     3.9569130840e-01     4.0114091439e-01     3.9845022851e-01     4.0416183353e-01     4.0325327570e-01     4.0091812183e-01     3.9853325551e-01     3.9556164731e-01     4.0881140692e-01     4.0066309656e-01     4.0618343326e-01     4.0596060522e-01     4.0591441504e-01     3.9928747164e-01     3.9966112283e-01     4.0810462319e-01     4.0529869112e-01
    1.1500000000e+01     3.3295186044e-01     1.9345873705e-02     3.3300831768e-01     3.3988592884e-01     3.3262468993e-01     3.3053053487e-01     3.3038569258e-01     3.3475259592e-01     3.3173145773e-01     3.3038447839e-01     3.3396198119e-01     3.2630381944e-01     3.3353046256e-01     3.2942816373e-01     3.3038971947e-01     3.3555149242e-01     3.3205714250e-01     3.2678569840e-01     3.2567962024e-01     3.3781016494e-01     3.3384934962e-01     3.3740308270e-01     3.3795297140e-01     3.4013103339e-01     3.2935935117e-01     3.3338530124e-01     3.3750637781e-01     3.3241540057e-01
    1.2500000000e+01     2.7982146382e-01     1.8265234126e-02     2.7978445176e-01     2.8699170240e-01     2.8026298474e-01     2.7640039185e-01     2.7696244242e-01     2.8283907005e-01     2.7807176550e-01     2.7819076145e-01     2.7783918988e-01     2.7425682004e-01     2.7760958451e-01     2.7825845354e-01     2.7945981009e-01     2.8273538303e-01     2.7931365001e-01     2.7548332212e-01     2.7367702259e-01     2.8622066756e-01     2.7907076549e-01     2.8179541114e-01     2.8473100028e-01     2.8699662056e-01     2.7658977203e-01     2.7712578869e-01     2.8339045774e-01     2.8126375782e-01
    1.3500000000e+01     2.3948240779e-01     1.8871931304e-02     2.3946114764e-01     2.4653953922e-01     2.3990479012e-01     2.3692063938e-01     2.3784437547e-01     2.4098132951e-01     2.3738831636e-01     2.3529098161e-01     2.3754719776e-01     2.3172619313e-01     2.3800729736e-01     2.3894592454e-01     2.3924456321e-01     2.4343673115e-01     2.3846700310e-01     2.3737631690e-01     2.3357999804e-01     2.4316950865e-01     2.4025168866e-01     2.4131281102e-01     2.4594800162e-01     2.4490029288e-01     2.3440984711e-01     2.3668798055e-01     2.4573730558e-01     2.4144156184e-01
    1.4500000000e+01     2.0458937688e-01     2.0282142209e-02     2.0463291901e-01     2.1281520046e-01     2.0705741556e-01     2.0034617294e-01     1.9996629147e-01     2.0689371242e-01     2.0625415000e-01     2.0150479224e-01     2.0283887426e-01     1.9857698965e-01     2.0496342313e-01     2.0337855298e-01     2.0551703346e-01     2.1045735112e-01     2.0440312684e-01     2.0399126337e-01     1.9809821417e-01     2.0617844229e-01     2.0096409522e-01     2.0501079880e-01     2.0842415502e-01     2.1115924914e-01     1.9773183893e-01     2.0048510974e-01     2.1045442126e-01     2.0726374750e-01
    1.5500000000e+01     1.8811948617e-01     1.9546671283e-02     1.8822957230e-01     1.9381222774e-01     1.9144686233e-01     1.8443058348e-01     1.8411641395e-01     1.8917422441e-01     1.8783039721e-01     1.8549405926e-01     1.8972217490e-01     1.8439523090e-01     1.8932418045e-01     1.8902411163e-01     1.8937299796e-01     1.9419082716e-01     1.8885001539e-01     1.8674259514e-01     1.7977806349e-01     1.9089342975e-01     1.8379538558e-01     1.9001213408e-01     1.9148874407e-01     1.9277255411e-01     1.8151638371e-01     1.8103863354e-01     1.9302375344e-01     1.9074117062e-01
    1.6500000000e+01     1.5822694600e-01     1.9039794200e-02     1.5851803331e-01     1.6319101143e-01     1.6165841737e-01     1.5363256462e-01     1.5511116032e-01     1.6000112934e-01     1.5770224708e-01     1.5737627030e-01     1.5881714964e-01     1.5260957819e-01     1.5784214608e-01     1.5802004345e-01     1.5955361344e-01     1.6237165508e-01     1.5845275635e-01     1.5590477992e-01     1.5314620706e-01     1.6004743115e-01     1.5577643038e-01     1.6142004118e-01     1.6317149321e-01     1.6309953486e-01     1.4993556694e-01     1.5147541653e-01     1.6374616553e-01     1.6161084044e-01
    1.7500000000e+01     1.4708664573e-01     1.8097314900e-02     1.4736497489e-01     1.5060420031e-01     1.5175979049e-01     1.4293007040e-01     1.4390850055e-01     1.4739114870e-01     1.4739485253e-01     1.4585458380e-01     1.4700594016e-01     1.4287925988e-01     1.4896560376e-01     1.4644867190e-01     1.4860499786e-01     1.5053187133e-01     1.4696848191e-01     1.4635812533e-01     1.4093480569e-01     1.4732900016e-01     1.4349097107e-01     1.5049227005e-01     1.5336751028e-01     1.5176842089e-01     1.3843319756e-01     1.4295391246e-01     1.5178195810e-01     1.4900799813e-01
    1.8500000000e+01     1.3570975956e-01     1.9643972543e-02     1.3595288611e-01     1.4053320437e-01     1.3878723291e-01     1.3070758299e-01     1.3162369478e-01     1.3717459139e-01     1.3712428172e-01     1.3363807085e-01     1.3642692430e-01     1.3239162369e-01     1.3748620881e-01     1.3422496042e-01     1.3719004657e-01     1.4045396956e-01     1.3557474251e-01     1.3409252792e-01     1.3009656457e-01     1.3545385831e-01     1.3305875834e-01     1.3907190541e-01     1.4303835480e-01     1.3883069700e-01     1.2477262444e-01     1.3210577500e-01     1.4015644859e-01     1.3872933982e-01
    1.9500000000e+01     1.1548815872e-01     2.0445499607e-02     1.1579945198e-01     1.2254720096e-01     1.1724765485e-01     1.1123481415e-01     1.0990616647e-01     1.1776798337e-01     1.1470016922e-01     1.1570314960e-01     1.1680204652e-01     1.1180735808e-01     1.1859675431e-01     1.1354614453e-01     1.1766525475e-01     1.1994848711e-01     1.1604110843e-01     1.1472706817e-01     1.1082203512e-01     1.1373423782e-01     1.1144107823e-01     1.1723022713e-01     1.2200382921e-01     1.2063987839e-01     1.0511296463e-01     1.1017403518e-01     1.1949999832e-01     1.1830432347e-01
    2.0500000000e+01     1.0659285288e-01     1.8822513255e-02     1.0681975415e-01     1.1196747986e-01     1.0801030345e-01     1.0302529489e-01     1.0102253104e-01     1.0726984518e-01     1.0778036216e-01     1.0616055816e-01     1.0732511330e-01     1.0453706901e-01     1.0985448478e-01     1.0569219097e-01     1.0785663897e-01     1.1111274149e-01     1.0710193245e-01     1.0659339721e-01     1.0305878711e-01     1.0419760997e-01     1.0490900659e-01     1.0889882592e-01     1.1238271456e-01     1.0947005409e-01     9.5612648061e-02     1.0043592359e-01     1.1050265628e-01     1.1004315293e-01
    2.1500000000e+01     9.4193627054e-02     1.9707084031e-02     9.4552643430e-02     1.0040107135e-01     9.4818358198e-02     9.1459988107e-02     8.8758231311e-02     9.4776921518e-02     9.6923507899e-02     9.2403665292e-02     9.5806606124e-02     9.1932527228e-02     9.8441673690e-02     9.4351258611e-02     9.7023764177e-02     9.7932110313e-02     9.4116235409e-02     9.2788240116e-02     8.9974262391e-02     9.1844015048e-02     9.0263899525e-02     9.7376542831e-02     9.9617127759e-02     9.8262805660e-02     8.3873809376e-02     8.7363726725e-02     9.8210990622e-02     9.6119337061e-02
    2.2500000000e+01     8.8877539199e-02     1.8747585014e-02     8.9103407015e-02     9.4384858002e-02     9.0308847877e-02     8.5802081559e-02     8.2629033079e-02     8.7110295877e-02     8.9890239162e-02     8.8085497160e-02     9.0215759528e-02     8.4950287749e-02     9.2224638630e-02     8.8646546241e-02     9.2336770742e-02     9.4346805609e-02     8.8991113310e-02     8.7610350063e-02     8.6223207480e-02     8.6866371849e-02     8.3782235390e-02     9.0217562768e-02     9.4885411759e-02     9.3070912428e-02     7.9945372874e-02     8.5077649768e-02     9.2371489508e-02     9.1965141552e-02
    2.3500000000e+01     8.1799040847e-02     1.8612241617e-02     8.1995765489e-02     8.6113815311e-02     8.1644319805e-02     7.9276186384e-02     7.5690285571e-02     8.0941309741e-02     8.2259971241e-02     8.1612051038e-02     8.3864966880e-02     7.9540268610e-02     8.4577667865e-02     8.0521892938e-02     8.5121484362e-02     8.7384993830e-02     8.1099583349e-02     7.9626674294e-02     7.8027862101e-02     8.0393463948e-02     8.0203666388e-02     8.3005340329e-02     8.8297997643e-02     8.6380584361e-02     7.1625055651e-02     7.7274491023e-02     8.4928546143e-02     8.5563542362e-02
    2.4500000000e+01     7.0622607908e-02     1.8824318693e-02     7.0822023020e-02     7.4133620088e-02     7.2769238982e-02     6.7851002446e-02     6.3849834951e-02     7.0848272042e-02     7.1635733484e-02     7.1343909082e-02     7.3151599511e-02     6.8644819381e-02     7.3530303216e-02     7.1027551957e-02     7.5214324588e-02     7.6515865235e-02     7.0705948621e-02     6.9574829138e-02     6.6471351558e-02     6.7729067075e-02     6.6755911291e-02     7.2419995726e-02     7.5793091742e-02     7.2885321483e-02     6.0180094564e-02     6.5929219025e-02     7.3063036265e-02     7.3541256249e-02
    2.5500000000e+01     6.8963911796e-02     1.9266103954e-02     6.9149227423e-02     7.2305347532e-02     6.8451637622e-02     6.5601541841e-02     6.2278774691e-02     6.9906347473e-02     7.0553902122e-02     6.8904395344e-02     7.1627842977e-02     6.7435719347e-02     7.2301483804e-02     6.9631182200e-02     7.5201701736e-02     7.5561085754e-02     6.9463186502e-02     6.7613602124e-02     6.5739118541e-02     6.7068738532e-02     6.5460285774e-02     7.0494702702e-02     7.4116632470e-02     6.9599805093e-02     5.8220390091e-02     6.3748534250e-02     7.1116058813e-02     7.1695777554e-02
    2.6500000000e+01     5.9959681236e-02     2.0377928568e-02     6.0172321946e-02     6.3147387321e-02     5.9855212612e-02     5.7080968709e-02     5.2480481649e-02     6.0145614020e-02     6.1194826260e-02     5.9425937314e-02     6.2468741954e-02     5.9230966805e-02     6.3723026586e-02     6.0508771116e-02     6.5836134452e-02     6.6584380224e-02     6.0433612755e-02     5.8169267850e-02     5.6287276490e-02     5.8321547112e-02     5.6294679723e-02     6.1213551453e-02     6.5475014258e-02     6.2109840008e-02     4.8451543282e-02     5.4164239714e-02     6.3266394161e-02     6.3122615071e-02
    2.7500000000e+01     5.6639811057e-02     2.0363153528e-02     5.6809188680e-02     6.0847640897e-02     5.7051785522e-02     5.4371317088e-02     5.0746481278e-02     5.5879270731e-02     5.8418388280e-02     5.6476856427e-02     5.9393009306e-02     5.4789968816e-02     5.9690300393e-02     5.8681472040e-02     6.2454562601e-02     6.3044174902e-02     5.7666004345e-02     5.4773373838e-02     5.1214981628e-02     5.3894456192e-02     5.3368048997e-02     5.7334381943e-02     6.0881902027e-02     5.7813250180e-02     4.4908210667e-02     5.1137483219e-02     6.0345104321e-02     6.0812850794e-02
    2.8500000000e+01     5.1670650010e-02     2.1263510522e-02     5.1936721068e-02     5.3785681968e-02     5.0285606132e-02     4.9186507463e-02     4.4865953619e-02     5.1403987313e-02     5.3237394228e-02     5.1775646175e-02     5.4952522369e-02     4.9106480377e-02     5.5245042153e-02     5.2178532239e-02     5.7938216581e-02     5.7590364556e-02     5.2427848461e-02     4.9386969329e-02     4.6974058726e-02     5.0067617650e-02     4.9399710723e-02     5.3987727189e-02     5.7589874587e-02     5.4374119648e-02     3.9275909913e-02     4.5568651929e-02     5.5321343558e-02     5.5840483361e-02
    2.9500000000e+01     4.1749854477e-02     2.1283901710e-02     4.1858465161e-02     4.4527187281e-02     4.0522870765e-02     3.9348309105e-02     3.5064519197e-02     4.2755409055e-02     4.4875466727e-02     4.2983154340e-02     4.5051243265e-02     3.8777661608e-02     4.5550559651e-02     4.3287505193e-02     4.8085067942e-02     4.7184944163e-02     4.1866245834e-02     3.8421180035e-02     3.6199203027e-02     3.8909933996e-02     3.7915009249e-02     4.3932209848e-02     4.5963154044e-02     4.2716592558e-02     3.0802959010e-02     3.5653300419e-02     4.6595007811e-02     4.6757667799e-02
