#xi0 with jacknife, root:tmp/PairCount/tmp-rmu NJN=0
#r(Mpc/h) val
        1.00000000        14.66251202
        3.00000000         5.96013023
        5.00000000         3.02980363
        7.00000000         1.80029592
        9.00000000         1.17155987
       11.00000000         0.82567880
       13.00000000         0.59400342
       15.00000000         0.44610603
       17.00000000         0.34493160
       19.00000000         0.27917137
       21.00000000         0.22160055
       23.00000000         0.17933545
       25.00000000         0.15056721
       27.00000000         0.12686103
       29.00000000         0.10341172
       31.00000000         0.08825459
       33.00000000         0.07225455
       35.00000000         0.05974914
       37.00000000         0.05146454
       39.00000000         0.04342718
