#xi2 with jacknife, root:tmp/PairCount/tmp-rmu NJN=0
#r(Mpc/h) val
        1.00000000        14.33469868
        3.00000000         3.80757331
        5.00000000         1.14650458
        7.00000000         0.28269215
        9.00000000        -0.00631152
       11.00000000        -0.12607781
       13.00000000        -0.16261123
       15.00000000        -0.16751405
       17.00000000        -0.15196218
       19.00000000        -0.13586586
       21.00000000        -0.11255856
       23.00000000        -0.10655270
       25.00000000        -0.08197299
       27.00000000        -0.06969632
       29.00000000        -0.06385813
       31.00000000        -0.05765023
       33.00000000        -0.06268765
       35.00000000        -0.05595171
       37.00000000        -0.04835590
       39.00000000        -0.04660280
