#wp with jacknife, root:tmp/PairCount/tmp-rp-pi NJN=0
#r(Mpc/h) val
        0.50000000       296.92433713
        1.50000000       100.43878186
        2.50000000        69.17704651
        3.50000000        53.54995495
        4.50000000        43.92834556
        5.50000000        37.22346693
        6.50000000        31.82635454
        7.50000000        27.73335457
        8.50000000        24.44820758
        9.50000000        22.12729172
       10.50000000        19.59359101
       11.50000000        18.01934188
       12.50000000        16.03733688
       13.50000000        14.68663886
       14.50000000        13.46886855
       15.50000000        12.35428195
       16.50000000        11.26886899
       17.50000000        10.41803483
       18.50000000         9.79602201
       19.50000000         8.87956252
