#xi2 with jacknife, root:tmp/PairCount/tmp-All-rmu NJN=25
#r(Mpc/h) mean sigma All jacknifecolumns
        0.50000000        11.27505370         2.33666310        11.28337916        12.21701912        11.74104466        10.92992574        10.34932808        11.49182615        10.89225567        11.53003876        10.95145052        11.76169523        10.41632052        11.90433304        10.58415050        11.60025745        11.09836469        11.46201032        11.28979297        11.71803772        10.76264201        11.40197159        10.92591886        11.29436956        10.97989500        11.12118885        11.49296609        11.95953949
        1.50000000         0.64922286         0.37560698         0.65196502         0.58922119         0.60684367         0.68822491         0.49879316         0.54221296         0.77941747         0.65448557         0.72897903         0.68199160         0.64092434         0.53374249         0.59098093         0.69094050         0.59235500         0.71323226         0.61704564         0.76222603         0.65007243         0.76469773         0.65656915         0.60495010         0.59863772         0.57301945         0.69506281         0.77594531
        2.50000000         0.04607796         0.15919965         0.04713285         0.03304280         0.08004067         0.05397610        -0.04412284        -0.00447713         0.08150482         0.02611490         0.06382762         0.05754831         0.03979596        -0.03077979         0.06550320         0.05540701         0.04969178         0.05302272         0.05127278         0.08063828         0.01239610         0.07137786         0.05225978         0.06478393         0.05517240         0.07824713         0.07690341         0.02880114
        3.50000000         0.12758713         0.10768271         0.12752394         0.11540705         0.09761812         0.13301585         0.10140962         0.08766862         0.13991867         0.14262109         0.13888076         0.14357935         0.10691474         0.09074533         0.09738005         0.15605215         0.12883758         0.12182130         0.15159607         0.14720541         0.09870686         0.14763203         0.13002609         0.15315845         0.13681799         0.16165144         0.14276984         0.11824378
        4.50000000         0.00198560         0.05916173         0.00184203         0.00615258         0.00205838         0.01222964        -0.02416584        -0.01285711         0.02235754         0.02386924         0.01128452         0.00499291        -0.00802745        -0.01053413         0.00431989        -0.00936587        -0.00813817        -0.00268733         0.00142343        -0.00256219        -0.00307788         0.00639595        -0.01257033         0.00467789         0.00138984         0.03000786         0.00816651         0.00430016
        5.50000000         0.00342488         0.04667486         0.00354107         0.00712284         0.00566656        -0.00287528        -0.01980222        -0.01107592         0.00615769         0.01416117         0.00330786        -0.01057463        -0.00051227        -0.00652993         0.01233195         0.00477893         0.00051963         0.00103474         0.01359050         0.01483156         0.01084184         0.01163053         0.00589150         0.01912301        -0.01354029         0.00425441         0.00783938         0.00744846
        6.50000000        -0.00327904         0.04601830        -0.00320630         0.00465146        -0.00367250        -0.00846910        -0.03531092        -0.00766632        -0.00100036         0.00845501        -0.00176943         0.00490648        -0.01305378        -0.00477484         0.00524465        -0.00607529        -0.00158153        -0.01270498         0.00493563        -0.00251282         0.00275876         0.00725129         0.00151573         0.00026791        -0.01140938         0.00320697        -0.01738936         0.00222067
        7.50000000        -0.01677993         0.03577774        -0.01684636        -0.02746351        -0.01907582        -0.02421169        -0.03368693        -0.02324773        -0.01052831        -0.01443339        -0.02076077        -0.00729568        -0.02221640        -0.01268085        -0.01574491        -0.01239937        -0.01592414        -0.02043999        -0.00620589        -0.01273620        -0.01403991        -0.00859964        -0.00543630        -0.02071821        -0.01842754        -0.01645028        -0.02945902        -0.00731577
        8.50000000        -0.01115520         0.03002947        -0.01104832        -0.01242008        -0.00411780        -0.01567881        -0.01144941        -0.01870585        -0.01646773        -0.00670333        -0.01276598        -0.00294664        -0.02108788        -0.02078676        -0.00141535        -0.00939936        -0.01500682        -0.01729120        -0.00773373        -0.00278403        -0.01431006        -0.00534084        -0.00908372        -0.00421748        -0.00935820        -0.01955074        -0.01709316        -0.00316516
        9.50000000        -0.01464569         0.02976252        -0.01494430        -0.01837161        -0.00690890        -0.02432493        -0.02553145        -0.01615877        -0.01539286        -0.01050199        -0.01705456        -0.00553239        -0.02128719        -0.02081765        -0.01071874        -0.00744097        -0.00997760        -0.01968187        -0.00575117        -0.02098529        -0.01276908        -0.01588819        -0.00712628        -0.00804394        -0.01222348        -0.01364507        -0.02461079        -0.01539759
       10.50000000        -0.01829945         0.02570141        -0.01856432        -0.02057178        -0.01432225        -0.01813878        -0.03110895        -0.02078122        -0.01337665        -0.01305983        -0.01745707        -0.01193839        -0.02394642        -0.02479880        -0.01871620        -0.01463463        -0.01891748        -0.02173861        -0.01267860        -0.01904394        -0.01674113        -0.01812223        -0.01339021        -0.00549456        -0.02334597        -0.01842262        -0.02486241        -0.02187751
       11.50000000        -0.00177327         0.02577672        -0.00174872        -0.00749612         0.00418745        -0.00031421        -0.01444672        -0.01031425         0.00169908         0.00532373         0.00205390         0.00191994        -0.00273109        -0.00907084        -0.00139599         0.00340082        -0.00070202        -0.00746368         0.00785077        -0.00434200        -0.00557507        -0.00280179        -0.00150858         0.00544790        -0.00270900        -0.00147425        -0.00466066         0.00079086
       12.50000000        -0.01195381         0.01963894        -0.01161689        -0.01272802        -0.00465311        -0.00957044        -0.01924152        -0.01204458        -0.01221217        -0.01172568        -0.00956114        -0.00904229        -0.00878592        -0.02158044        -0.01062492        -0.00918151        -0.01222290        -0.01781941        -0.01070780        -0.01343335        -0.01404911        -0.00664731        -0.01146765        -0.00703769        -0.01949746        -0.00928572        -0.01379246        -0.01193256
       13.50000000        -0.01220691         0.02129767        -0.01158252        -0.01703753        -0.00535938        -0.00796680        -0.01906606        -0.01768189        -0.01327389        -0.01458122        -0.00867720        -0.00867754        -0.00996999        -0.01779513        -0.01378576        -0.00996149        -0.01109566        -0.01850861        -0.00802023        -0.01562020        -0.01270735        -0.00455086        -0.00978177        -0.01099380        -0.02033701        -0.00766475        -0.00930301        -0.01275554
       14.50000000        -0.01653363         0.02423617        -0.01594078        -0.02386535        -0.01290213        -0.00944502        -0.02002181        -0.02460277        -0.01385238        -0.01560184        -0.01193913        -0.00662132        -0.01605937        -0.02462496        -0.01418951        -0.01404312        -0.01643689        -0.01959754        -0.02039989        -0.02007163        -0.01477188        -0.01535849        -0.01197151        -0.01778060        -0.02291099        -0.00715392        -0.02053670        -0.01858203
       15.50000000        -0.03919753         0.01913037        -0.03889481        -0.04417067        -0.03520506        -0.03739401        -0.04361666        -0.04741165        -0.03498321        -0.03458500        -0.03891807        -0.03222988        -0.03870269        -0.04532743        -0.03803523        -0.03772518        -0.04004341        -0.04417937        -0.04021648        -0.04054309        -0.04033302        -0.03523494        -0.03597631        -0.03492842        -0.04418655        -0.03504958        -0.04146535        -0.03947703
       16.50000000        -0.02105081         0.01963985        -0.02094085        -0.02371473        -0.02173496        -0.02217489        -0.02663149        -0.02839725        -0.01785911        -0.01990178        -0.01922604        -0.01932495        -0.02474635        -0.02232538        -0.01650912        -0.02087337        -0.02373545        -0.02685783        -0.02342415        -0.02085929        -0.02488035        -0.01695105        -0.01546848        -0.01057373        -0.02479630        -0.01804728        -0.01823536        -0.01902156
       17.50000000        -0.01351689         0.01534009        -0.01310123        -0.01560409        -0.01067415        -0.01487989        -0.01389211        -0.01771805        -0.00967228        -0.01360463        -0.01082640        -0.01252589        -0.01633424        -0.01996647        -0.00946454        -0.01516980        -0.01451623        -0.01467782        -0.01790337        -0.01059154        -0.01344838        -0.00782818        -0.00813221        -0.01027054        -0.01653995        -0.01308605        -0.01395101        -0.01664446
       18.50000000        -0.01152480         0.01717419        -0.01117720        -0.00872155        -0.00847519        -0.00868263        -0.01177450        -0.01372901        -0.00763014        -0.00866425        -0.01071918        -0.00774250        -0.01936858        -0.01226477        -0.00650807        -0.01108308        -0.01241329        -0.01557948        -0.01127002        -0.00955949        -0.01293057        -0.01445578        -0.00961221        -0.00958692        -0.01539026        -0.00869950        -0.01231876        -0.02094033
       19.50000000        -0.00688144         0.01603738        -0.00700047        -0.00783417        -0.00570911         0.00005452        -0.00444830        -0.01054270        -0.00368839        -0.00608711        -0.00930657        -0.00158510        -0.00966846        -0.00907531        -0.00218607        -0.00798381        -0.00938455        -0.01148929        -0.00651112        -0.00099331        -0.01149173        -0.00533448        -0.00537993        -0.00778339        -0.00867559        -0.00620190        -0.01092398        -0.00980624
       20.50000000        -0.00752616         0.01842861        -0.00735393        -0.00593594        -0.00834520        -0.00379532        -0.00483470        -0.01737964        -0.00102450        -0.00809138        -0.01002818        -0.00425045        -0.01083225        -0.00718404        -0.00129678        -0.00558608        -0.01017513        -0.00896264        -0.01168386        -0.00490420        -0.00909892        -0.00309748        -0.00621337        -0.00725931        -0.01048931        -0.00446532        -0.00932020        -0.01389971
       21.50000000        -0.01038372         0.01316022        -0.01021043        -0.01011486        -0.00835434        -0.00614577        -0.00812581        -0.01300312        -0.00976809        -0.01257988        -0.01193692        -0.00814200        -0.01299562        -0.01358166        -0.00680281        -0.00992968        -0.01144199        -0.01388140        -0.01405410        -0.00851924        -0.01185432        -0.00496221        -0.00761239        -0.01327595        -0.00643698        -0.01312873        -0.01116058        -0.01178442
       22.50000000         0.00103552         0.01245062         0.00118520         0.00197814        -0.00053053         0.00282884         0.00404346        -0.00030447         0.00099373        -0.00045683         0.00273064         0.00435825         0.00079545        -0.00144300         0.00907516         0.00280028        -0.00009786        -0.00233882        -0.00217724         0.00232533        -0.00159238         0.00256925         0.00268513         0.00124619        -0.00102712        -0.00148699        -0.00146522         0.00037860
       23.50000000        -0.00531440         0.01190988        -0.00504803        -0.00030806        -0.00306681        -0.00247640        -0.00614847        -0.00720123        -0.00290756        -0.00520781        -0.00334805        -0.00591168        -0.00480776        -0.00643271        -0.00145908        -0.00430734        -0.00618545        -0.00741450        -0.00947864        -0.00418565        -0.00456927        -0.00195651        -0.00636141        -0.00607539        -0.00644922        -0.00967283        -0.00896591        -0.00796215
       24.50000000         0.01276317         0.01526253         0.01289038         0.01228303         0.01498587         0.01533447         0.01166322         0.01036689         0.01614211         0.01295481         0.01713989         0.01412728         0.01011185         0.00940938         0.01819020         0.01345160         0.01280037         0.01085185         0.00992588         0.01520142         0.01215823         0.01759648         0.01711016         0.00986279         0.01228325         0.00558271         0.01133511         0.00821036
       25.50000000         0.00529074         0.01321659         0.00535877         0.00713423         0.00721662         0.01130265         0.00184906         0.00403910         0.00708205         0.00472448         0.00750703         0.00493873         0.00110067         0.00214459         0.01054471         0.00592498         0.00595438         0.00253873         0.00356470         0.00790072         0.00521296         0.00685920         0.00789065         0.00274689         0.00623147         0.00430646         0.00255612         0.00099732
       26.50000000         0.01606929         0.01327252         0.01623184         0.01845705         0.01700716         0.01801082         0.01312822         0.01528368         0.01604899         0.01535423         0.01836322         0.01364395         0.01075090         0.01545420         0.02152194         0.01805910         0.01589237         0.01329556         0.01297574         0.01597260         0.01863163         0.02009210         0.01829204         0.01110593         0.01511214         0.01560224         0.01983210         0.01384441
       27.50000000         0.01141603         0.01304251         0.01141178         0.01212767         0.01015635         0.01438411         0.01065800         0.01390764         0.01191079         0.01208907         0.01383895         0.00852363         0.00722984         0.00892792         0.01387879         0.01328941         0.00957807         0.00881234         0.00541149         0.01278634         0.01470605         0.01520330         0.01397711         0.00948677         0.01130161         0.01182543         0.01433694         0.00705316
       28.50000000         0.01099487         0.01355669         0.01121319         0.01234587         0.01282158         0.01561896         0.00880036         0.01357947         0.01062378         0.00998866         0.01159935         0.01073886         0.01049915         0.00727467         0.01251454         0.01175921         0.00864670         0.00931120         0.00474190         0.00652849         0.01274096         0.01610409         0.01317028         0.00864980         0.00989792         0.01506384         0.01319433         0.00865779
       29.50000000         0.01532827         0.01343567         0.01561179         0.01762712         0.01415039         0.01925368         0.01084925         0.01801868         0.01602496         0.01426071         0.01509629         0.01195934         0.01487841         0.00974960         0.01966415         0.01790613         0.01587620         0.01349466         0.01121237         0.01470711         0.01837188         0.01938756         0.01867765         0.01247772         0.01373898         0.01514234         0.01567638         0.01500520
